"y" "crim" "indus" "nox" "rm" "dis" "rad"
"1" 24 0.00632 2.31 0.538 6.575 4.09 1
"2" 21.6 0.02731 7.07 0.469 6.421 4.9671 2
"3" 34.7 0.02729 7.07 0.469 7.185 4.9671 2
"4" 33.4 0.03237 2.18 0.458 6.998 6.0622 3
"5" 36.2 0.06905 2.18 0.458 7.147 6.0622 3
"6" 28.7 0.02985 2.18 0.458 6.43 6.0622 3
"7" 22.9 0.08829 7.87 0.524 6.012 5.5605 5
"8" 27.1 0.14455 7.87 0.524 6.172 5.9505 5
"9" 16.5 0.21124 7.87 0.524 5.631 6.0821 5
"10" 18.9 0.17004 7.87 0.524 6.004 6.5921 5
"11" 15 0.22489 7.87 0.524 6.377 6.3467 5
"12" 18.9 0.11747 7.87 0.524 6.009 6.2267 5
"13" 21.7 0.09378 7.87 0.524 5.889 5.4509 5
"14" 20.4 0.62976 8.14 0.538 5.949 4.7075 4
"15" 18.2 0.63796 8.14 0.538 6.096 4.4619 4
"16" 19.9 0.62739 8.14 0.538 5.834 4.4986 4
"17" 23.1 1.05393 8.14 0.538 5.935 4.4986 4
"18" 17.5 0.7842 8.14 0.538 5.99 4.2579 4
"19" 20.2 0.80271 8.14 0.538 5.456 3.7965 4
"20" 18.2 0.7258 8.14 0.538 5.727 3.7965 4
"21" 13.6 1.25179 8.14 0.538 5.57 3.7979 4
"22" 19.6 0.85204 8.14 0.538 5.965 4.0123 4
"23" 15.2 1.23247 8.14 0.538 6.142 3.9769 4
"24" 14.5 0.98843 8.14 0.538 5.813 4.0952 4
"25" 15.6 0.75026 8.14 0.538 5.924 4.3996 4
"26" 13.9 0.84054 8.14 0.538 5.599 4.4546 4
"27" 16.6 0.67191 8.14 0.538 5.813 4.682 4
"28" 14.8 0.95577 8.14 0.538 6.047 4.4534 4
"29" 18.4 0.77299 8.14 0.538 6.495 4.4547 4
"30" 21 1.00245 8.14 0.538 6.674 4.239 4
"31" 12.7 1.13081 8.14 0.538 5.713 4.233 4
"32" 14.5 1.35472 8.14 0.538 6.072 4.175 4
"33" 13.2 1.38799 8.14 0.538 5.95 3.99 4
"34" 13.1 1.15172 8.14 0.538 5.701 3.7872 4
"35" 13.5 1.61282 8.14 0.538 6.096 3.7598 4
"36" 18.9 0.06417 5.96 0.499 5.933 3.3603 5
"37" 20 0.09744 5.96 0.499 5.841 3.3779 5
"38" 21 0.08014 5.96 0.499 5.85 3.9342 5
"39" 24.7 0.17505 5.96 0.499 5.966 3.8473 5
"40" 30.8 0.02763 2.95 0.428 6.595 5.4011 3
"41" 34.9 0.03359 2.95 0.428 7.024 5.4011 3
"42" 26.6 0.12744 6.91 0.448 6.77 5.7209 3
"43" 25.3 0.1415 6.91 0.448 6.169 5.7209 3
"44" 24.7 0.15936 6.91 0.448 6.211 5.7209 3
"45" 21.2 0.12269 6.91 0.448 6.069 5.7209 3
"46" 19.3 0.17142 6.91 0.448 5.682 5.1004 3
"47" 20 0.18836 6.91 0.448 5.786 5.1004 3
"48" 16.6 0.22927 6.91 0.448 6.03 5.6894 3
"49" 14.4 0.25387 6.91 0.448 5.399 5.87 3
"50" 19.4 0.21977 6.91 0.448 5.602 6.0877 3
"51" 19.7 0.08873 5.64 0.439 5.963 6.8147 4
"52" 20.5 0.04337 5.64 0.439 6.115 6.8147 4
"53" 25 0.0536 5.64 0.439 6.511 6.8147 4
"54" 23.4 0.04981 5.64 0.439 5.998 6.8147 4
"55" 18.9 0.0136 4 0.41 5.888 7.3197 3
"56" 35.4 0.01311 1.22 0.403 7.249 8.6966 5
"57" 24.7 0.02055 0.74 0.41 6.383 9.1876 2
"58" 31.6 0.01432 1.32 0.411 6.816 8.3248 5
"59" 23.3 0.15445 5.13 0.453 6.145 7.8148 8
"60" 19.6 0.10328 5.13 0.453 5.927 6.932 8
"61" 18.7 0.14932 5.13 0.453 5.741 7.2254 8
"62" 16 0.17171 5.13 0.453 5.966 6.8185 8
"63" 22.2 0.11027 5.13 0.453 6.456 7.2255 8
"64" 25 0.1265 5.13 0.453 6.762 7.9809 8
"65" 33 0.01951 1.38 0.4161 7.104 9.2229 3
"66" 23.5 0.03584 3.37 0.398 6.29 6.6115 4
"67" 19.4 0.04379 3.37 0.398 5.787 6.6115 4
"68" 22 0.05789 6.07 0.409 5.878 6.498 4
"69" 17.4 0.13554 6.07 0.409 5.594 6.498 4
"70" 20.9 0.12816 6.07 0.409 5.885 6.498 4
"71" 24.2 0.08826 10.81 0.413 6.417 5.2873 4
"72" 21.7 0.15876 10.81 0.413 5.961 5.2873 4
"73" 22.8 0.09164 10.81 0.413 6.065 5.2873 4
"74" 23.4 0.19539 10.81 0.413 6.245 5.2873 4
"75" 24.1 0.07896 12.83 0.437 6.273 4.2515 5
"76" 21.4 0.09512 12.83 0.437 6.286 4.5026 5
"77" 20 0.10153 12.83 0.437 6.279 4.0522 5
"78" 20.8 0.08707 12.83 0.437 6.14 4.0905 5
"79" 21.2 0.05646 12.83 0.437 6.232 5.0141 5
"80" 20.3 0.08387 12.83 0.437 5.874 4.5026 5
"81" 28 0.04113 4.86 0.426 6.727 5.4007 4
"82" 23.9 0.04462 4.86 0.426 6.619 5.4007 4
"83" 24.8 0.03659 4.86 0.426 6.302 5.4007 4
"84" 22.9 0.03551 4.86 0.426 6.167 5.4007 4
"85" 23.9 0.05059 4.49 0.449 6.389 4.7794 3
"86" 26.6 0.05735 4.49 0.449 6.63 4.4377 3
"87" 22.5 0.05188 4.49 0.449 6.015 4.4272 3
"88" 22.2 0.07151 4.49 0.449 6.121 3.7476 3
"89" 23.6 0.0566 3.41 0.489 7.007 3.4217 2
"90" 28.7 0.05302 3.41 0.489 7.079 3.4145 2
"91" 22.6 0.04684 3.41 0.489 6.417 3.0923 2
"92" 22 0.03932 3.41 0.489 6.405 3.0921 2
"93" 22.9 0.04203 15.04 0.464 6.442 3.6659 4
"94" 25 0.02875 15.04 0.464 6.211 3.6659 4
"95" 20.6 0.04294 15.04 0.464 6.249 3.615 4
"96" 28.4 0.12204 2.89 0.445 6.625 3.4952 2
"97" 21.4 0.11504 2.89 0.445 6.163 3.4952 2
"98" 38.7 0.12083 2.89 0.445 8.069 3.4952 2
"99" 43.8 0.08187 2.89 0.445 7.82 3.4952 2
"100" 33.2 0.0686 2.89 0.445 7.416 3.4952 2
"101" 27.5 0.14866 8.56 0.52 6.727 2.7778 5
"102" 26.5 0.11432 8.56 0.52 6.781 2.8561 5
"103" 18.6 0.22876 8.56 0.52 6.405 2.7147 5
"104" 19.3 0.21161 8.56 0.52 6.137 2.7147 5
"105" 20.1 0.1396 8.56 0.52 6.167 2.421 5
"106" 19.5 0.13262 8.56 0.52 5.851 2.1069 5
"107" 19.5 0.1712 8.56 0.52 5.836 2.211 5
"108" 20.4 0.13117 8.56 0.52 6.127 2.1224 5
"109" 19.8 0.12802 8.56 0.52 6.474 2.4329 5
"110" 19.4 0.26363 8.56 0.52 6.229 2.5451 5
"111" 21.7 0.10793 8.56 0.52 6.195 2.7778 5
"112" 22.8 0.10084 10.01 0.547 6.715 2.6775 6
"113" 18.8 0.12329 10.01 0.547 5.913 2.3534 6
"114" 18.7 0.22212 10.01 0.547 6.092 2.548 6
"115" 18.5 0.14231 10.01 0.547 6.254 2.2565 6
"116" 18.3 0.17134 10.01 0.547 5.928 2.4631 6
"117" 21.2 0.13158 10.01 0.547 6.176 2.7301 6
"118" 19.2 0.15098 10.01 0.547 6.021 2.7474 6
"119" 20.4 0.13058 10.01 0.547 5.872 2.4775 6
"120" 19.3 0.14476 10.01 0.547 5.731 2.7592 6
"121" 22 0.06899 25.65 0.581 5.87 2.2577 2
"122" 20.3 0.07165 25.65 0.581 6.004 2.1974 2
"123" 20.5 0.09299 25.65 0.581 5.961 2.0869 2
"124" 17.3 0.15038 25.65 0.581 5.856 1.9444 2
"125" 18.8 0.09849 25.65 0.581 5.879 2.0063 2
"126" 21.4 0.16902 25.65 0.581 5.986 1.9929 2
"127" 15.7 0.38735 25.65 0.581 5.613 1.7572 2
"128" 16.2 0.25915 21.89 0.624 5.693 1.7883 4
"129" 18 0.32543 21.89 0.624 6.431 1.8125 4
"130" 14.3 0.88125 21.89 0.624 5.637 1.9799 4
"131" 19.2 0.34006 21.89 0.624 6.458 2.1185 4
"132" 19.6 1.19294 21.89 0.624 6.326 2.271 4
"133" 23 0.59005 21.89 0.624 6.372 2.3274 4
"134" 18.4 0.32982 21.89 0.624 5.822 2.4699 4
"135" 15.6 0.97617 21.89 0.624 5.757 2.346 4
"136" 18.1 0.55778 21.89 0.624 6.335 2.1107 4
"137" 17.4 0.32264 21.89 0.624 5.942 1.9669 4
"138" 17.1 0.35233 21.89 0.624 6.454 1.8498 4
"139" 13.3 0.2498 21.89 0.624 5.857 1.6686 4
"140" 17.8 0.54452 21.89 0.624 6.151 1.6687 4
"141" 14 0.2909 21.89 0.624 6.174 1.6119 4
"142" 14.4 1.62864 21.89 0.624 5.019 1.4394 4
"143" 13.4 3.32105 19.58 0.871 5.403 1.3216 5
"144" 15.6 4.0974 19.58 0.871 5.468 1.4118 5
"145" 11.8 2.77974 19.58 0.871 4.903 1.3459 5
"146" 13.8 2.37934 19.58 0.871 6.13 1.4191 5
"147" 15.6 2.15505 19.58 0.871 5.628 1.5166 5
"148" 14.6 2.36862 19.58 0.871 4.926 1.4608 5
"149" 17.8 2.33099 19.58 0.871 5.186 1.5296 5
"150" 15.4 2.73397 19.58 0.871 5.597 1.5257 5
"151" 21.5 1.6566 19.58 0.871 6.122 1.618 5
"152" 19.6 1.49632 19.58 0.871 5.404 1.5916 5
"153" 15.3 1.12658 19.58 0.871 5.012 1.6102 5
"154" 19.4 2.14918 19.58 0.871 5.709 1.6232 5
"155" 17 1.41385 19.58 0.871 6.129 1.7494 5
"156" 15.6 3.53501 19.58 0.871 6.152 1.7455 5
"157" 13.1 2.44668 19.58 0.871 5.272 1.7364 5
"158" 41.3 1.22358 19.58 0.605 6.943 1.8773 5
"159" 24.3 1.34284 19.58 0.605 6.066 1.7573 5
"160" 23.3 1.42502 19.58 0.871 6.51 1.7659 5
"161" 27 1.27346 19.58 0.605 6.25 1.7984 5
"162" 22.7 2.24236 19.58 0.605 5.854 2.422 5
"163" 25 2.924 19.58 0.605 6.101 2.2834 5
"164" 23.8 1.80028 19.58 0.605 5.877 2.4259 5
"165" 23.8 2.3004 19.58 0.605 6.319 2.1 5
"166" 22.3 2.44953 19.58 0.605 6.402 2.2625 5
"167" 17.4 1.20742 19.58 0.605 5.875 2.4259 5
"168" 19.1 2.3139 19.58 0.605 5.88 2.3887 5
"169" 23.1 0.13914 4.05 0.51 5.572 2.5961 5
"170" 23.6 0.09178 4.05 0.51 6.416 2.6463 5
"171" 22.6 0.08447 4.05 0.51 5.859 2.7019 5
"172" 29.4 0.06664 4.05 0.51 6.546 3.1323 5
"173" 23.2 0.07022 4.05 0.51 6.02 3.5549 5
"174" 24.6 0.05425 4.05 0.51 6.315 3.3175 5
"175" 29.9 0.06642 4.05 0.51 6.86 2.9153 5
"176" 37.2 0.0578 2.46 0.488 6.98 2.829 3
"177" 39.8 0.06588 2.46 0.488 7.765 2.741 3
"178" 36.2 0.06888 2.46 0.488 6.144 2.5979 3
"179" 37.9 0.09103 2.46 0.488 7.155 2.7006 3
"180" 32.5 0.10008 2.46 0.488 6.563 2.847 3
"181" 26.4 0.08308 2.46 0.488 5.604 2.9879 3
"182" 29.6 0.06047 2.46 0.488 6.153 3.2797 3
"183" 32 0.07875 3.44 0.437 6.782 3.7886 5
"184" 29.8 0.12579 3.44 0.437 6.556 4.5667 5
"185" 34.9 0.0837 3.44 0.437 7.185 4.5667 5
"186" 37 0.09068 3.44 0.437 6.951 6.4798 5
"187" 30.5 0.06911 3.44 0.437 6.739 6.4798 5
"188" 36.4 0.08664 3.44 0.437 7.178 6.4798 5
"189" 31.1 0.02187 2.93 0.401 6.8 6.2196 1
"190" 29.1 0.01439 2.93 0.401 6.604 6.2196 1
"191" 33.3 0.04011 1.52 0.404 7.287 7.309 2
"192" 30.3 0.04666 1.52 0.404 7.107 7.309 2
"193" 34.6 0.03768 1.52 0.404 7.274 7.309 2
"194" 34.9 0.0315 1.47 0.403 6.975 7.6534 3
"195" 32.9 0.01778 1.47 0.403 7.135 7.6534 3
"196" 24.1 0.03445 2.03 0.415 6.162 6.27 2
"197" 42.3 0.02177 2.03 0.415 7.61 6.27 2
"198" 48.5 0.0351 2.68 0.4161 7.853 5.118 4
"199" 22.6 0.13642 10.59 0.489 5.891 3.9454 4
"200" 24.4 0.22969 10.59 0.489 6.326 4.3549 4
"201" 22.5 0.25199 10.59 0.489 5.783 4.3549 4
"202" 24.4 0.13587 10.59 0.489 6.064 4.2392 4
"203" 20 0.43571 10.59 0.489 5.344 3.875 4
"204" 21.7 0.17446 10.59 0.489 5.96 3.8771 4
"205" 19.3 0.37578 10.59 0.489 5.404 3.665 4
"206" 22.4 0.21719 10.59 0.489 5.807 3.6526 4
"207" 28.1 0.14052 10.59 0.489 6.375 3.9454 4
"208" 23.7 0.28955 10.59 0.489 5.412 3.5875 4
"209" 25 0.19802 10.59 0.489 6.182 3.9454 4
"210" 23.3 0.0456 13.89 0.55 5.888 3.1121 5
"211" 28.7 0.07013 13.89 0.55 6.642 3.4211 5
"212" 21.5 0.11069 13.89 0.55 5.951 2.8893 5
"213" 23 0.11425 13.89 0.55 6.373 3.3633 5
"214" 26.7 0.35809 6.2 0.507 6.951 2.8617 8
"215" 21.7 0.40771 6.2 0.507 6.164 3.048 8
"216" 27.5 0.62356 6.2 0.507 6.879 3.2721 8
"217" 30.1 0.6147 6.2 0.507 6.618 3.2721 8
"218" 44.8 0.31533 6.2 0.504 8.266 2.8944 8
"219" 37.6 0.38214 6.2 0.504 8.04 3.2157 8
"220" 31.6 0.41238 6.2 0.504 7.163 3.2157 8
"221" 46.7 0.29819 6.2 0.504 7.686 3.3751 8
"222" 31.5 0.44178 6.2 0.504 6.552 3.3751 8
"223" 24.3 0.537 6.2 0.504 5.981 3.6715 8
"224" 31.7 0.46296 6.2 0.504 7.412 3.6715 8
"225" 41.7 0.57529 6.2 0.507 8.337 3.8384 8
"226" 48.3 0.33147 6.2 0.507 8.247 3.6519 8
"227" 29 0.44791 6.2 0.507 6.726 3.6519 8
"228" 24 0.33045 6.2 0.507 6.086 3.6519 8
"229" 25.1 0.52058 6.2 0.507 6.631 4.148 8
"230" 31.5 0.51183 6.2 0.507 7.358 4.148 8
"231" 23.7 0.08244 4.93 0.428 6.481 6.1899 6
"232" 23.3 0.09252 4.93 0.428 6.606 6.1899 6
"233" 22 0.11329 4.93 0.428 6.897 6.3361 6
"234" 20.1 0.10612 4.93 0.428 6.095 6.3361 6
"235" 22.2 0.1029 4.93 0.428 6.358 7.0355 6
"236" 23.7 0.12757 4.93 0.428 6.393 7.0355 6
"237" 17.6 0.20608 5.86 0.431 5.593 7.9549 7
"238" 18.5 0.19133 5.86 0.431 5.605 7.9549 7
"239" 24.3 0.33983 5.86 0.431 6.108 8.0555 7
"240" 20.5 0.19657 5.86 0.431 6.226 8.0555 7
"241" 24.5 0.16439 5.86 0.431 6.433 7.8265 7
"242" 26.2 0.19073 5.86 0.431 6.718 7.8265 7
"243" 24.4 0.1403 5.86 0.431 6.487 7.3967 7
"244" 24.8 0.21409 5.86 0.431 6.438 7.3967 7
"245" 29.6 0.08221 5.86 0.431 6.957 8.9067 7
"246" 42.8 0.36894 5.86 0.431 8.259 8.9067 7
"247" 21.9 0.04819 3.64 0.392 6.108 9.2203 1
"248" 20.9 0.03548 3.64 0.392 5.876 9.2203 1
"249" 44 0.01538 3.75 0.394 7.454 6.3361 3
"250" 36 0.66351 3.97 0.647 7.333 1.8946 5
"251" 30.1 0.65665 3.97 0.647 6.842 2.0107 5
"252" 33.8 0.54011 3.97 0.647 7.203 2.1121 5
"253" 43.1 0.53412 3.97 0.647 7.52 2.1398 5
"254" 48.8 0.52014 3.97 0.647 8.398 2.2885 5
"255" 31 0.82526 3.97 0.647 7.327 2.0788 5
"256" 36.5 0.55007 3.97 0.647 7.206 1.9301 5
"257" 22.8 0.76162 3.97 0.647 5.56 1.9865 5
"258" 30.7 0.7857 3.97 0.647 7.014 2.1329 5
"259" 43.5 0.5405 3.97 0.575 7.47 2.872 5
"260" 20.7 0.09065 6.96 0.464 5.92 3.9175 3
"261" 21.1 0.29916 6.96 0.464 5.856 4.429 3
"262" 25.2 0.16211 6.96 0.464 6.24 4.429 3
"263" 24.4 0.1146 6.96 0.464 6.538 3.9175 3
"264" 35.2 0.22188 6.96 0.464 7.691 4.3665 3
"265" 32.4 0.05644 6.41 0.447 6.758 4.0776 4
"266" 32 0.09604 6.41 0.447 6.854 4.2673 4
"267" 33.2 0.10469 6.41 0.447 7.267 4.7872 4
"268" 33.1 0.06127 6.41 0.447 6.826 4.8628 4
"269" 29.1 0.07978 6.41 0.447 6.482 4.1403 4
"270" 35.1 0.21038 3.33 0.4429 6.812 4.1007 5
"271" 45.4 0.03578 3.33 0.4429 7.82 4.6947 5
"272" 35.4 0.03705 3.33 0.4429 6.968 5.2447 5
"273" 46 0.06129 3.33 0.4429 7.645 5.2119 5
"274" 32.2 0.00906 2.97 0.4 7.088 7.3073 1
"275" 22 0.01096 2.25 0.389 6.453 7.3073 1
"276" 20.1 0.01965 1.76 0.385 6.23 9.0892 1
"277" 23.2 0.03871 5.32 0.405 6.209 7.3172 6
"278" 22.3 0.0459 5.32 0.405 6.315 7.3172 6
"279" 24.8 0.04297 5.32 0.405 6.565 7.3172 6
"280" 28.5 0.03502 4.95 0.411 6.861 5.1167 4
"281" 37.3 0.07886 4.95 0.411 7.148 5.1167 4
"282" 27.9 0.03615 4.95 0.411 6.63 5.1167 4
"283" 23.9 0.08265 13.92 0.437 6.127 5.5027 4
"284" 21.7 0.08199 13.92 0.437 6.009 5.5027 4
"285" 28.6 0.12932 13.92 0.437 6.678 5.9604 4
"286" 27.1 0.05372 13.92 0.437 6.549 5.9604 4
"287" 20.3 0.14103 13.92 0.437 5.79 6.32 4
"288" 22.5 0.06466 2.24 0.4 6.345 7.8278 5
"289" 29 0.05561 2.24 0.4 7.041 7.8278 5
"290" 24.8 0.04417 2.24 0.4 6.871 7.8278 5
"291" 22 0.03537 6.09 0.433 6.59 5.4917 7
"292" 26.4 0.09266 6.09 0.433 6.495 5.4917 7
"293" 33.1 0.1 6.09 0.433 6.982 5.4917 7
"294" 36.1 0.05515 2.18 0.472 7.236 4.022 7
"295" 28.4 0.05479 2.18 0.472 6.616 3.37 7
"296" 33.4 0.07503 2.18 0.472 7.42 3.0992 7
"297" 28.2 0.04932 2.18 0.472 6.849 3.1827 7
"298" 22.8 0.49298 9.9 0.544 6.635 3.3175 4
"299" 20.3 0.3494 9.9 0.544 5.972 3.1025 4
"300" 16.1 2.63548 9.9 0.544 4.973 2.5194 4
"301" 22.1 0.79041 9.9 0.544 6.122 2.6403 4
"302" 19.4 0.26169 9.9 0.544 6.023 2.834 4
"303" 21.6 0.26938 9.9 0.544 6.266 3.2628 4
"304" 23.8 0.3692 9.9 0.544 6.567 3.6023 4
"305" 16.2 0.25356 9.9 0.544 5.705 3.945 4
"306" 17.8 0.31827 9.9 0.544 5.914 3.9986 4
"307" 19.8 0.24522 9.9 0.544 5.782 4.0317 4
"308" 23.1 0.40202 9.9 0.544 6.382 3.5325 4
"309" 21 0.47547 9.9 0.544 6.113 4.0019 4
"310" 23.8 0.1676 7.38 0.493 6.426 4.5404 5
"311" 23.1 0.18159 7.38 0.493 6.376 4.5404 5
"312" 20.4 0.35114 7.38 0.493 6.041 4.7211 5
"313" 18.5 0.28392 7.38 0.493 5.708 4.7211 5
"314" 25 0.34109 7.38 0.493 6.415 4.7211 5
"315" 24.6 0.19186 7.38 0.493 6.431 5.4159 5
"316" 23 0.30347 7.38 0.493 6.312 5.4159 5
"317" 22.2 0.24103 7.38 0.493 6.083 5.4159 5
"318" 19.3 0.06617 3.24 0.46 5.868 5.2146 4
"319" 22.6 0.06724 3.24 0.46 6.333 5.2146 4
"320" 19.8 0.04544 3.24 0.46 6.144 5.8736 4
"321" 17.1 0.05023 6.06 0.4379 5.706 6.6407 1
"322" 19.4 0.03466 6.06 0.4379 6.031 6.6407 1
"323" 22.2 0.05083 5.19 0.515 6.316 6.4584 5
"324" 20.7 0.03738 5.19 0.515 6.31 6.4584 5
"325" 21.1 0.03961 5.19 0.515 6.037 5.9853 5
"326" 19.5 0.03427 5.19 0.515 5.869 5.2311 5
"327" 18.5 0.03041 5.19 0.515 5.895 5.615 5
"328" 20.6 0.03306 5.19 0.515 6.059 4.8122 5
"329" 19 0.05497 5.19 0.515 5.985 4.8122 5
"330" 18.7 0.06151 5.19 0.515 5.968 4.8122 5
"331" 32.7 0.01301 1.52 0.442 7.241 7.0379 1
"332" 16.5 0.02498 1.89 0.518 6.54 6.2669 1
"333" 23.9 0.02543 3.78 0.484 6.696 5.7321 5
"334" 31.2 0.03049 3.78 0.484 6.874 6.4654 5
"335" 17.5 0.03113 4.39 0.442 6.014 8.0136 3
"336" 17.2 0.06162 4.39 0.442 5.898 8.0136 3
"337" 23.1 0.0187 4.15 0.429 6.516 8.5353 4
"338" 24.5 0.01501 2.01 0.435 6.635 8.344 4
"339" 26.6 0.02899 1.25 0.429 6.939 8.7921 1
"340" 22.9 0.06211 1.25 0.429 6.49 8.7921 1
"341" 24.1 0.0795 1.69 0.411 6.579 10.7103 4
"342" 18.6 0.07244 1.69 0.411 5.884 10.7103 4
"343" 30.1 0.01709 2.02 0.41 6.728 12.1265 5
"344" 18.2 0.04301 1.91 0.413 5.663 10.5857 4
"345" 20.6 0.10659 1.91 0.413 5.936 10.5857 4
"346" 17.8 8.98296 18.1 0.77 6.212 2.1222 24
"347" 21.7 3.8497 18.1 0.77 6.395 2.5052 24
"348" 22.7 5.20177 18.1 0.77 6.127 2.7227 24
"349" 22.6 4.26131 18.1 0.77 6.112 2.5091 24
"350" 25 4.54192 18.1 0.77 6.398 2.5182 24
"351" 19.9 3.83684 18.1 0.77 6.251 2.2955 24
"352" 20.8 3.67822 18.1 0.77 5.362 2.1036 24
"353" 16.8 4.22239 18.1 0.77 5.803 1.9047 24
"354" 21.9 3.47428 18.1 0.718 8.78 1.9047 24
"355" 27.5 4.55587 18.1 0.718 3.561 1.6132 24
"356" 21.9 3.69695 18.1 0.718 4.963 1.7523 24
"357" 23.1 13.5222 18.1 0.631 3.863 1.5106 24
"358" 13.8 11.1081 18.1 0.668 4.906 1.1742 24
"359" 13.8 18.4982 18.1 0.668 4.138 1.137 24
"360" 15 19.6091 18.1 0.671 7.313 1.3163 24
"361" 13.9 15.288 18.1 0.671 6.649 1.3449 24
"362" 13.3 9.82349 18.1 0.671 6.794 1.358 24
"363" 13.1 23.6482 18.1 0.671 6.38 1.3861 24
"364" 10.2 17.8667 18.1 0.671 6.223 1.3861 24
"365" 10.4 88.9762 18.1 0.671 6.968 1.4165 24
"366" 10.9 15.8744 18.1 0.671 6.545 1.5192 24
"367" 11.3 9.18702 18.1 0.7 5.536 1.5804 24
"368" 12.3 7.99248 18.1 0.7 5.52 1.5331 24
"369" 8.8 20.0849 18.1 0.7 4.368 1.4395 24
"370" 7.2 16.8118 18.1 0.7 5.277 1.4261 24
"371" 10.5 24.3938 18.1 0.7 4.652 1.4672 24
"372" 7.4 22.5971 18.1 0.7 5 1.5184 24
"373" 10.2 14.3337 18.1 0.7 4.88 1.5895 24
"374" 11.5 8.15174 18.1 0.7 5.39 1.7281 24
"375" 15.1 6.96215 18.1 0.7 5.713 1.9265 24
"376" 23.2 5.29305 18.1 0.7 6.051 2.1678 24
"377" 9.7 11.5779 18.1 0.7 5.036 1.77 24
"378" 13.8 8.64476 18.1 0.693 6.193 1.7912 24
"379" 12.7 13.3598 18.1 0.693 5.887 1.7821 24
"380" 13.1 8.71675 18.1 0.693 6.471 1.7257 24
"381" 12.5 5.87205 18.1 0.693 6.405 1.6768 24
"382" 8.5 7.67202 18.1 0.693 5.747 1.6334 24
"383" 5 38.3518 18.1 0.693 5.453 1.4896 24
"384" 6.3 9.91655 18.1 0.693 5.852 1.5004 24
"385" 5.6 25.0461 18.1 0.693 5.987 1.5888 24
"386" 7.2 14.2362 18.1 0.693 6.343 1.5741 24
"387" 12.1 9.59571 18.1 0.693 6.404 1.639 24
"388" 8.3 24.8017 18.1 0.693 5.349 1.7028 24
"389" 8.5 41.5292 18.1 0.693 5.531 1.6074 24
"390" 5 67.9208 18.1 0.693 5.683 1.4254 24
"391" 11.9 20.7162 18.1 0.659 4.138 1.1781 24
"392" 27.9 11.9511 18.1 0.659 5.608 1.2852 24
"393" 17.2 7.40389 18.1 0.597 5.617 1.4547 24
"394" 27.5 14.4383 18.1 0.597 6.852 1.4655 24
"395" 15 51.1358 18.1 0.597 5.757 1.413 24
"396" 17.2 14.0507 18.1 0.597 6.657 1.5275 24
"397" 17.9 18.811 18.1 0.597 4.628 1.5539 24
"398" 16.3 28.6558 18.1 0.597 5.155 1.5894 24
"399" 7 45.7461 18.1 0.693 4.519 1.6582 24
"400" 7.2 18.0846 18.1 0.679 6.434 1.8347 24
"401" 7.5 10.8342 18.1 0.679 6.782 1.8195 24
"402" 10.4 25.9406 18.1 0.679 5.304 1.6475 24
"403" 8.8 73.5341 18.1 0.679 5.957 1.8026 24
"404" 8.4 11.8123 18.1 0.718 6.824 1.794 24
"405" 16.7 11.0874 18.1 0.718 6.411 1.8589 24
"406" 14.2 7.02259 18.1 0.718 6.006 1.8746 24
"407" 20.8 12.0482 18.1 0.614 5.648 1.9512 24
"408" 13.4 7.05042 18.1 0.614 6.103 2.0218 24
"409" 11.7 8.79212 18.1 0.584 5.565 2.0635 24
"410" 8.3 15.8603 18.1 0.679 5.896 1.9096 24
"411" 10.2 12.2472 18.1 0.584 5.837 1.9976 24
"412" 10.9 37.6619 18.1 0.679 6.202 1.8629 24
"413" 11 7.36711 18.1 0.679 6.193 1.9356 24
"414" 9.5 9.33889 18.1 0.679 6.38 1.9682 24
"415" 14.5 8.49213 18.1 0.584 6.348 2.0527 24
"416" 14.1 10.0623 18.1 0.584 6.833 2.0882 24
"417" 16.1 6.44405 18.1 0.584 6.425 2.2004 24
"418" 14.3 5.58107 18.1 0.713 6.436 2.3158 24
"419" 11.7 13.9134 18.1 0.713 6.208 2.2222 24
"420" 13.4 11.1604 18.1 0.74 6.629 2.1247 24
"421" 9.6 14.4208 18.1 0.74 6.461 2.0026 24
"422" 8.7 15.1772 18.1 0.74 6.152 1.9142 24
"423" 8.4 13.6781 18.1 0.74 5.935 1.8206 24
"424" 12.8 9.39063 18.1 0.74 5.627 1.8172 24
"425" 10.5 22.0511 18.1 0.74 5.818 1.8662 24
"426" 17.1 9.72418 18.1 0.74 6.406 2.0651 24
"427" 18.4 5.66637 18.1 0.74 6.219 2.0048 24
"428" 15.4 9.96654 18.1 0.74 6.485 1.9784 24
"429" 10.8 12.8023 18.1 0.74 5.854 1.8956 24
"430" 11.8 10.6718 18.1 0.74 6.459 1.9879 24
"431" 14.9 6.28807 18.1 0.74 6.341 2.072 24
"432" 12.6 9.92485 18.1 0.74 6.251 2.198 24
"433" 14.1 9.32909 18.1 0.713 6.185 2.2616 24
"434" 13 7.52601 18.1 0.713 6.417 2.185 24
"435" 13.4 6.71772 18.1 0.713 6.749 2.3236 24
"436" 15.2 5.44114 18.1 0.713 6.655 2.3552 24
"437" 16.1 5.09017 18.1 0.713 6.297 2.3682 24
"438" 17.8 8.24809 18.1 0.713 7.393 2.4527 24
"439" 14.9 9.51363 18.1 0.713 6.728 2.4961 24
"440" 14.1 4.75237 18.1 0.713 6.525 2.4358 24
"441" 12.7 4.66883 18.1 0.713 5.976 2.5806 24
"442" 13.5 8.20058 18.1 0.713 5.936 2.7792 24
"443" 14.9 7.75223 18.1 0.713 6.301 2.7831 24
"444" 20 6.80117 18.1 0.713 6.081 2.7175 24
"445" 16.4 4.81213 18.1 0.713 6.701 2.5975 24
"446" 17.7 3.69311 18.1 0.713 6.376 2.5671 24
"447" 19.5 6.65492 18.1 0.713 6.317 2.7344 24
"448" 20.2 5.82115 18.1 0.713 6.513 2.8016 24
"449" 21.4 7.83932 18.1 0.655 6.209 2.9634 24
"450" 19.9 3.1636 18.1 0.655 5.759 3.0665 24
"451" 19 3.77498 18.1 0.655 5.952 2.8715 24
"452" 19.1 4.42228 18.1 0.584 6.003 2.5403 24
"453" 19.1 15.5757 18.1 0.58 5.926 2.9084 24
"454" 20.1 13.0751 18.1 0.58 5.713 2.8237 24
"455" 19.9 4.34879 18.1 0.58 6.167 3.0334 24
"456" 19.6 4.03841 18.1 0.532 6.229 3.0993 24
"457" 23.2 3.56868 18.1 0.58 6.437 2.8965 24
"458" 29.8 4.64689 18.1 0.614 6.98 2.5329 24
"459" 13.8 8.05579 18.1 0.584 5.427 2.4298 24
"460" 13.3 6.39312 18.1 0.584 6.162 2.206 24
"461" 16.7 4.87141 18.1 0.614 6.484 2.3053 24
"462" 12 15.0234 18.1 0.614 5.304 2.1007 24
"463" 14.6 10.233 18.1 0.614 6.185 2.1705 24
"464" 21.4 14.3337 18.1 0.614 6.229 1.9512 24
"465" 23 5.82401 18.1 0.532 6.242 3.4242 24
"466" 23.7 5.70818 18.1 0.532 6.75 3.3317 24
"467" 25 5.73116 18.1 0.532 7.061 3.4106 24
"468" 21.8 2.81838 18.1 0.532 5.762 4.0983 24
"469" 20.6 2.37857 18.1 0.583 5.871 3.724 24
"470" 21.2 3.67367 18.1 0.583 6.312 3.9917 24
"471" 19.1 5.69175 18.1 0.583 6.114 3.5459 24
"472" 20.6 4.83567 18.1 0.583 5.905 3.1523 24
"473" 15.2 0.15086 27.74 0.609 5.454 1.8209 4
"474" 7 0.18337 27.74 0.609 5.414 1.7554 4
"475" 8.1 0.20746 27.74 0.609 5.093 1.8226 4
"476" 13.6 0.10574 27.74 0.609 5.983 1.8681 4
"477" 20.1 0.11132 27.74 0.609 5.983 2.1099 4
"478" 21.8 0.17331 9.69 0.585 5.707 2.3817 6
"479" 24.5 0.27957 9.69 0.585 5.926 2.3817 6
"480" 23.1 0.17899 9.69 0.585 5.67 2.7986 6
"481" 19.7 0.2896 9.69 0.585 5.39 2.7986 6
"482" 18.3 0.26838 9.69 0.585 5.794 2.8927 6
"483" 21.2 0.23912 9.69 0.585 6.019 2.4091 6
"484" 17.5 0.17783 9.69 0.585 5.569 2.3999 6
"485" 16.8 0.22438 9.69 0.585 6.027 2.4982 6
"486" 22.4 0.06263 11.93 0.573 6.593 2.4786 1
"487" 20.6 0.04527 11.93 0.573 6.12 2.2875 1
"488" 23.9 0.06076 11.93 0.573 6.976 2.1675 1
"489" 22 0.10959 11.93 0.573 6.794 2.3889 1
"490" 11.9 0.04741 11.93 0.573 6.03 2.505 1

